1627.00	121.00	0.0	0.0	0.0
1642.70	904.50	0.0	50.0	0.0
1650.90	1662.20	0.0	100.0	0.0
1466.10	264.50	10.0	10.0	-10.0
1481.90	1108.90	10.0	65.0	-10.0
1259.70	1423.10	25.0	90.0	-30.0
1237.90	536.20	25.0	30.0	-30.0
1026.50	862.90	40.0	55.0	-50.0
1034.70	1149.80	40.0	75.0	-50.0
1002.30	51.00	40.0	0.0	-50.0
849.50	144.40	50.0	5.0	-42.0
895.30	1534.30	50.0	100.0	-42.0
741.90	1157.90	60.0	75.0	-50.0
717.80	504.60	60.0	30.0	-50.0
495.10	999.20	75.0	60.0	-30.0
519.20	1578.80	75.0	100.0	-30.0
271.10	1574.70	90.0	95.0	-10.0
223.20	604.80	90.0	30.0	-10.0
28.50	163.60	100.0	0.0	0.0
109.10	1683.70	100.0	100.0	0.0
