109.07	1683.71	100.00	100.00	0.00
1650.86	1662.23	0.00	100.00	0.00
274.37	1647.34	90.00	100.00	-10.00
1491.63	1630.03	10.00	100.00	-10.00
105.66	1610.89	100.00	95.00	0.00
1649.49	1587.97	0.00	95.00	0.00
519.23	1578.76	75.00	100.00	-30.00
271.08	1574.72	90.00	95.00	-10.00
1262.93	1567.41	25.00	100.00	-30.00
1490.24	1557.48	10.00	95.00	-10.00
102.55	1536.53	100.00	90.00	0.00
895.27	1534.34	50.00	100.00	-42.00
1649.29	1515.47	0.00	90.00	0.00
753.90	1510.94	60.00	100.00	-50.00
516.66	1508.41	75.00	95.00	-30.00
1045.36	1506.28	40.00	100.00	-50.00
268.25	1502.91	90.00	90.00	-10.00
1261.59	1494.71	25.00	95.00	-30.00
1488.49	1482.61	10.00	90.00	-10.00
97.25	1464.00	100.00	85.00	0.00
893.22	1462.83	50.00	95.00	-42.00
751.86	1441.28	60.00	95.00	-50.00
1044.14	1436.35	40.00	95.00	-50.00
513.29	1434.92	75.00	90.00	-30.00
1647.90	1436.24	0.00	85.00	0.00
264.39	1428.66	90.00	85.00	-10.00
1259.70	1423.12	25.00	90.00	-30.00
1488.03	1409.24	10.00	85.00	-10.00
890.49	1392.38	50.00	90.00	-42.00
93.26	1389.08	100.00	80.00	0.00
749.30	1369.18	60.00	90.00	-50.00
1040.92	1364.82	40.00	90.00	-50.00
1645.89	1363.77	0.00	80.00	0.00
510.18	1362.94	75.00	85.00	-30.00
260.08	1354.87	90.00	80.00	-10.00
1257.42	1350.42	25.00	85.00	-30.00
1486.38	1333.90	10.00	80.00	-10.00
888.38	1321.50	50.00	85.00	-42.00
90.15	1314.88	100.00	75.00	0.00
746.56	1299.62	60.00	85.00	-50.00
1039.31	1293.89	40.00	85.00	-50.00
507.32	1293.85	75.00	80.00	-30.00
1645.31	1288.13	0.00	75.00	0.00
256.16	1280.83	90.00	75.00	-10.00
1256.20	1276.95	25.00	80.00	-30.00
1484.36	1260.69	10.00	75.00	-10.00
886.18	1248.50	50.00	80.00	-42.00
86.02	1239.98	100.00	70.00	0.00
744.65	1229.83	60.00	80.00	-50.00
1037.17	1220.66	40.00	80.00	-50.00
503.82	1219.76	75.00	75.00	-30.00
1643.22	1212.34	0.00	70.00	0.00
252.38	1206.84	90.00	70.00	-10.00
1254.02	1204.31	25.00	75.00	-30.00
1480.93	1185.12	10.00	70.00	-10.00
885.20	1178.75	50.00	75.00	-42.00
81.95	1164.48	100.00	65.00	0.00
741.87	1157.89	60.00	75.00	-50.00
1034.72	1149.79	40.00	75.00	-50.00
501.18	1145.37	75.00	70.00	-30.00
1643.06	1137.33	0.00	65.00	0.00
248.83	1132.12	90.00	65.00	-10.00
1252.42	1131.01	25.00	70.00	-30.00
1481.92	1108.90	10.00	65.00	-10.00
881.55	1106.03	50.00	70.00	-42.00
75.15	1088.15	100.00	60.00	0.00
738.70	1084.89	60.00	70.00	-50.00
1033.30	1079.43	40.00	70.00	-50.00
497.84	1072.45	75.00	65.00	-30.00
1641.98	1059.96	0.00	60.00	0.00
245.24	1057.70	90.00	60.00	-10.00
1251.11	1057.05	25.00	65.00	-30.00
1480.47	1033.69	10.00	60.00	-10.00
879.57	1033.20	50.00	65.00	-42.00
735.41	1013.73	60.00	65.00	-50.00
73.45	1014.06	100.00	55.00	0.00
1030.66	1007.30	40.00	65.00	-50.00
495.09	999.23	75.00	60.00	-30.00
1640.93	984.84	0.00	55.00	0.00
1249.21	982.59	25.00	60.00	-30.00
241.45	983.17	90.00	55.00	-10.00
877.45	960.82	50.00	60.00	-42.00
1478.70	956.16	10.00	55.00	-10.00
734.08	942.17	60.00	60.00	-50.00
69.57	937.94	100.00	50.00	0.00
1028.62	935.42	40.00	60.00	-50.00
491.65	925.42	75.00	55.00	-30.00
1245.15	908.67	25.00	55.00	-30.00
238.12	907.50	90.00	50.00	-10.00
1642.69	904.55	0.00	50.00	0.00
874.45	886.03	50.00	55.00	-42.00
1477.48	882.10	10.00	50.00	-10.00
730.95	869.35	60.00	55.00	-50.00
1026.51	862.86	40.00	55.00	-50.00
65.39	862.01	100.00	45.00	0.00
488.59	852.13	75.00	50.00	-30.00
1245.48	836.58	25.00	50.00	-30.00
234.18	832.39	90.00	45.00	-10.00
1638.58	828.98	0.00	45.00	0.00
871.64	813.56	50.00	50.00	-42.00
1476.57	805.97	10.00	45.00	-10.00
727.84	795.92	60.00	50.00	-50.00
1024.19	789.78	40.00	50.00	-50.00
61.54	786.08	100.00	40.00	0.00
485.98	778.52	75.00	45.00	-30.00
1242.66	760.20	25.00	45.00	-30.00
230.14	756.80	90.00	40.00	-10.00
1637.44	751.47	0.00	40.00	0.00
869.50	739.68	50.00	45.00	-42.00
1476.65	730.42	10.00	40.00	-10.00
725.80	724.89	60.00	45.00	-50.00
1022.16	717.50	40.00	45.00	-50.00
57.21	709.05	100.00	35.00	0.00
482.76	704.80	75.00	40.00	-30.00
1240.29	686.41	25.00	40.00	-30.00
227.01	680.78	90.00	35.00	-10.00
1635.79	673.65	0.00	35.00	0.00
866.85	666.37	50.00	40.00	-42.00
1472.97	653.79	10.00	35.00	-10.00
723.31	651.20	60.00	40.00	-50.00
1019.97	644.53	40.00	40.00	-50.00
54.47	630.03	100.00	30.00	0.00
479.09	628.31	75.00	35.00	-30.00
1240.25	610.31	25.00	35.00	-30.00
223.19	604.76	90.00	30.00	-10.00
1634.75	594.81	0.00	30.00	0.00
864.66	592.63	50.00	35.00	-42.00
720.78	578.23	60.00	35.00	-50.00
1471.76	575.43	10.00	30.00	-10.00
1017.66	570.93	40.00	35.00	-50.00
49.02	555.57	100.00	25.00	0.00
476.19	554.20	75.00	30.00	-30.00
1237.85	536.17	25.00	30.00	-30.00
219.58	529.69	90.00	25.00	-10.00
862.14	518.87	50.00	30.00	-42.00
1633.59	516.79	0.00	25.00	0.00
717.76	504.61	60.00	30.00	-50.00
1470.23	498.19	10.00	25.00	-10.00
1014.23	496.39	40.00	30.00	-50.00
472.85	480.85	75.00	25.00	-30.00
45.11	477.43	100.00	20.00	0.00
1236.07	460.07	25.00	25.00	-30.00
215.72	451.50	90.00	20.00	-10.00
859.20	443.97	50.00	25.00	-42.00
1632.23	438.37	0.00	20.00	0.00
714.86	431.05	60.00	25.00	-50.00
1013.79	424.21	40.00	25.00	-50.00
1467.90	419.55	10.00	20.00	-10.00
469.47	403.64	75.00	20.00	-30.00
40.76	399.03	100.00	15.00	0.00
1233.66	384.26	25.00	20.00	-30.00
211.75	374.31	90.00	15.00	-10.00
857.17	368.74	50.00	20.00	-42.00
1631.83	359.23	0.00	15.00	0.00
712.28	357.02	60.00	20.00	-50.00
1011.50	350.66	40.00	20.00	-50.00
1467.30	341.83	10.00	15.00	-10.00
466.60	327.69	75.00	15.00	-30.00
36.08	321.53	100.00	10.00	0.00
1232.26	307.78	25.00	15.00	-30.00
207.91	297.07	90.00	10.00	-10.00
854.86	294.37	50.00	15.00	-42.00
709.76	282.29	60.00	15.00	-50.00
1629.69	280.28	0.00	10.00	0.00
1008.84	275.15	40.00	15.00	-50.00
1466.06	264.47	10.00	10.00	-10.00
463.09	252.51	75.00	10.00	-30.00
32.26	243.74	100.00	5.00	0.00
1230.74	231.29	25.00	10.00	-30.00
204.29	220.07	90.00	5.00	-10.00
852.12	219.75	50.00	10.00	-42.00
707.09	208.72	60.00	10.00	-50.00
1628.36	201.20	0.00	5.00	0.00
1006.29	201.27	40.00	10.00	-50.00
1464.12	186.98	10.00	5.00	-10.00
459.59	177.03	75.00	5.00	-30.00
28.52	163.62	100.00	0.00	0.00
1227.36	154.49	25.00	5.00	-30.00
849.49	144.41	50.00	5.00	-42.00
200.55	141.71	90.00	0.00	-10.00
704.28	134.18	60.00	5.00	-50.00
1004.30	126.58	40.00	5.00	-50.00
1627.02	121.05	0.00	0.00	0.00
1463.94	107.44	10.00	0.00	-10.00
456.90	100.52	75.00	0.00	-30.00
1225.93	78.63	25.00	0.00	-30.00
846.62	68.57	50.00	0.00	-42.00
701.44	59.62	60.00	0.00	-50.00
1002.27	50.98	40.00	0.00	-50.00
