1683.71	109.07	17	18	45371	0
1662.23	1650.86	16	17	31635	0
1647.34	274.37	18	19	53524	0
1630.03	1491.63	16	16	27895	0
1610.89	105.66	18	18	50175	0
1587.97	1649.49	16	16	32494	0
1578.76	519.23	17	17	48886	0
1574.72	271.08	18	18	47732	0
1567.41	1262.93	16	17	36658	0
1557.48	1490.24	18	17	43898	0
1536.53	102.55	17	18	42833	0
1534.34	895.27	17	16	45627	0
1515.47	1649.29	11	15	14825	0
1510.94	753.90	17	17	40182	0
1508.41	516.66	15	17	38780	0
1506.28	1045.36	15	17	36858	0
1502.91	268.25	17	17	33134	0
1494.71	1261.59	16	16	35906	0
1482.61	1488.49	15	16	29983	0
1464.00	97.25	16	18	37949	0
1462.83	893.22	16	18	43623	0
1441.28	751.86	15	17	37495	0
1436.35	1044.14	15	14	25789	0
1434.92	513.29	18	17	54490	0
1436.24	1647.90	12	16	19621	0
1428.66	264.39	18	17	40597	0
1423.12	1259.70	17	17	39615	0
1409.24	1488.03	16	15	34320	0
1392.38	890.49	17	18	36392	0
1389.08	93.26	18	19	52659	0
1369.18	749.30	16	16	37369	0
1364.82	1040.92	17	18	41027	0
1363.77	1645.89	17	17	35321	0
1362.94	510.18	17	18	52017	0
1354.87	260.08	17	17	42432	0
1350.42	1257.42	17	17	38666	0
1333.90	1486.38	16	18	35437	0
1321.50	888.38	15	17	37227	0
1314.88	90.15	17	17	49240	0
1299.62	746.56	16	18	40916	0
1293.89	1039.31	16	16	39445	0
1293.85	507.32	12	17	25822	0
1288.13	1645.31	17	17	38220	0
1280.83	256.16	18	18	51173	0
1276.95	1256.20	17	17	44013	0
1260.69	1484.36	16	17	31117	0
1248.50	886.18	17	18	51966	0
1239.98	86.02	19	19	54552	0
1229.83	744.65	16	17	36730	0
1220.66	1037.17	12	15	24894	0
1219.76	503.82	15	17	41180	0
1212.34	1643.22	17	16	36232	0
1206.84	252.38	19	19	64569	0
1204.31	1254.02	16	16	42296	0
1185.12	1480.93	16	14	21924	0
1178.75	885.20	15	18	34752	0
1164.48	81.95	17	17	51727	0
1157.89	741.87	16	18	43965	0
1149.79	1034.72	16	17	40753	0
1145.37	501.18	19	18	50918	0
1137.33	1643.06	16	18	34754	0
1132.12	248.83	19	19	59894	0
1131.01	1252.42	17	17	47125	0
1108.90	1481.92	15	17	32344	0
1106.03	881.55	16	18	38146	0
1088.15	75.15	18	14	28954	0
1084.89	738.70	17	18	43922	0
1079.43	1033.30	18	15	43059	0
1072.45	497.84	17	17	48805	0
1059.96	1641.98	17	17	42743	0
1057.70	245.24	18	19	58863	0
1057.05	1251.11	17	17	42665	0
1033.69	1480.47	17	18	34110	0
1033.20	879.57	17	17	40923	0
1013.73	735.41	17	16	44041	0
1014.06	73.45	18	18	58910	0
1007.30	1030.66	17	17	41693	0
999.23	495.09	18	18	51901	0
984.84	1640.93	15	19	33897	0
982.59	1249.21	18	17	39681	0
983.17	241.45	18	18	55550	0
960.82	877.45	17	17	35622	0
956.16	1478.70	15	19	33149	0
942.17	734.08	18	18	44903	0
937.94	69.57	20	18	58302	0
935.42	1028.62	17	16	46260	0
925.42	491.65	19	18	56269	0
908.67	1245.15	18	16	29870	0
907.50	238.12	18	18	52658	0
904.55	1642.69	15	11	16027	0
886.03	874.45	16	16	39773	0
882.10	1477.48	17	18	45933	0
869.35	730.95	17	17	51576	0
862.86	1026.51	17	18	50982	0
862.01	65.39	19	18	59100	0
852.13	488.59	17	16	47932	0
836.58	1245.48	17	19	39147	0
832.39	234.18	19	18	59888	0
828.98	1638.58	18	18	44096	0
813.56	871.64	18	18	55492	0
805.97	1476.57	17	18	48055	0
795.92	727.84	17	18	47115	0
789.78	1024.19	17	18	50077	0
786.08	61.54	17	18	53617	0
778.52	485.98	17	18	48447	0
760.20	1242.66	18	18	39960	0
756.80	230.14	19	18	57841	0
751.47	1637.44	18	18	44172	0
739.68	869.50	18	18	60467	0
730.42	1476.65	18	18	32975	0
724.89	725.80	15	18	42031	0
717.50	1022.16	17	17	44769	0
709.05	57.21	19	19	58036	0
704.80	482.76	16	18	43910	0
686.41	1240.29	20	20	55277	0
680.78	227.01	19	19	63994	0
673.65	1635.79	19	19	50921	0
666.37	866.85	19	18	58971	0
653.79	1472.97	22	20	58800	0
651.20	723.31	18	18	57980	0
644.53	1019.97	17	17	51846	0
630.03	54.47	16	17	28267	0
628.31	479.09	18	18	56712	0
610.31	1240.25	18	17	55025	0
604.76	223.19	18	19	60741	0
594.81	1634.75	19	20	57399	0
592.63	864.66	18	20	62110	0
578.23	720.78	17	18	58325	0
575.43	1471.76	18	19	51544	0
570.93	1017.66	19	19	58462	0
555.57	49.02	18	18	50578	0
554.20	476.19	19	19	61612	0
536.17	1237.85	17	18	51861	0
529.69	219.58	17	19	53041	0
518.87	862.14	18	18	57150	0
516.79	1633.59	19	20	57184	0
504.61	717.76	18	18	56316	0
498.19	1470.23	19	21	57315	0
496.39	1014.23	19	18	46567	0
480.85	472.85	15	18	41984	0
477.43	45.11	18	18	53982	0
460.07	1236.07	19	19	59701	0
451.50	215.72	18	18	56050	0
443.97	859.20	19	18	60498	0
438.37	1632.23	18	19	54521	0
431.05	714.86	19	18	55475	0
424.21	1013.79	17	17	50770	0
419.55	1467.90	20	19	52025	0
403.64	469.47	18	18	61645	0
399.03	40.76	20	19	61503	0
384.26	1233.66	19	19	60414	0
374.31	211.75	19	19	62142	0
368.74	857.17	19	19	64005	0
359.23	1631.83	20	18	49878	0
357.02	712.28	19	18	60190	0
350.66	1011.50	15	16	37288	0
341.83	1467.30	19	20	60949	0
327.69	466.60	18	18	59578	0
321.53	36.08	20	20	67623	0
307.78	1232.26	20	19	59369	0
297.07	207.91	20	20	68387	0
294.37	854.86	17	18	52756	0
282.29	709.76	17	18	51355	0
280.28	1629.69	19	20	61073	0
275.15	1008.84	18	19	58049	0
264.47	1466.06	19	19	62826	0
252.51	463.09	20	19	66416	0
243.74	32.26	20	21	69844	0
231.29	1230.74	18	18	51189	0
220.07	204.29	21	20	76285	0
219.75	852.12	18	19	56787	0
208.72	707.09	19	19	57358	0
201.20	1628.36	19	19	55972	0
201.27	1006.29	17	18	55100	0
186.98	1464.12	18	20	56696	0
177.03	459.59	19	18	58380	0
163.62	28.52	21	20	67608	0
154.49	1227.36	19	18	55218	0
144.41	849.49	19	20	64896	0
141.71	200.55	22	21	79700	0
134.18	704.28	19	19	65211	0
126.58	1004.30	18	18	59531	0
121.05	1627.02	22	22	65177	0
107.44	1463.94	20	20	64616	0
100.52	456.90	20	19	71992	0
78.63	1225.93	20	20	59461	0
68.57	846.62	20	20	68995	0
59.62	701.44	20	20	67403	0
50.98	1002.27	17	18	56211	0
