extendedZolof model camera
cam1
O 0 	 14.967477865846412 
O 1 	 -92.70574593425802 
O 2 	 796.4114888777701 
A 0 0 	 1627.1945470326848 
A 0 1 	 121.29276045792312 
A 1 0 	 -16.264796276472097 
A 1 1 	 0.5081056258415667 
A 2 0 	 0.2988001978091565 
A 2 1 	 15.90791962343929 
A 3 0 	 0.34109407352676924 
A 3 1 	 1.8851397917752601 
A 4 0 	 0.002786384067882385 
A 4 1 	 -0.0008384057748511786 
A 5 0 	 -0.0005647793543969601 
A 5 1 	 -0.0049875387569179586 
A 6 0 	 4.04481593549453e-05 
A 6 1 	 0.0014106195164779046 
A 7 0 	 0.005672494136639125 
A 7 1 	 -0.0021222511415644727 
A 8 0 	 0.0009299510166692836 
A 8 1 	 0.015568258485736721 
A 9 0 	 -0.018897687919853367 
A 9 1 	 -0.000523552133543052 
A 10 0 	 0.0 
A 10 1 	 0.0 
A 11 0 	 0.0 
A 11 1 	 0.0 
A 12 0 	 0.0 
A 12 1 	 0.0 
A 13 0 	 0.0 
A 13 1 	 0.0 
A 14 0 	 0.0 
A 14 1 	 0.0 
A 15 0 	 0.0 
A 15 1 	 0.0 
A 16 0 	 0.0 
A 16 1 	 0.0 
A 17 0 	 0.0 
A 17 1 	 0.0 
A 18 0 	 0.0 
A 18 1 	 0.0 
B 0 0 	 0.10719569215378834 
B 0 1 	 0.10225638006882921 
B 0 2 	 -0.9889698699392666 
B 1 0 	 -7.670004836318734e-05 
B 1 1 	 2.8886695265718884e-06 
B 1 2 	 -8.147652695884231e-06 
B 2 0 	 2.8113272088635883e-06 
B 2 1 	 7.710815175891282e-05 
B 2 2 	 8.320919261753103e-06 
B 3 0 	 -2.01304744257663e-09 
B 3 1 	 -2.2136151312819672e-10 
B 3 2 	 3.1154136941170303e-09 
B 4 0 	 6.113106269238934e-11 
B 4 1 	 1.0900881682290216e-09 
B 4 2 	 3.2160767390716555e-09 
B 5 0 	 -7.647878648744563e-10 
B 5 1 	 -3.592895032356198e-10 
B 5 2 	 -3.0044245064330643e-10 
B 6 0 	 6.980459058935612e-14 
B 6 1 	 1.5309016052273993e-13 
B 6 2 	 1.2745475645468782e-13 
B 7 0 	 -7.744695875913282e-14 
B 7 1 	 -1.5112455286507997e-13 
B 7 2 	 -3.2889713549280125e-14 
B 8 0 	 9.454914033643536e-13 
B 8 1 	 -2.270559583445634e-14 
B 8 2 	 -4.1021274867842356e-14 
B 9 0 	 -6.600961519420023e-14 
B 9 1 	 -3.0076398694455473e-13 
B 9 2 	 1.0772474637092764e-15 
